remaining_budget: -93.95079278945923
used_budget: 82893.95079278946
