remaining_budget: -8.806463479995728
used_budget: 82808.80646348
