remaining_budget: -228.80099606513977
used_budget: 83028.80099606514
