remaining_budget: -12.609467029571533
used_budget: 82812.60946702957
