remaining_budget: -1119.3525488376617
used_budget: 83919.35254883766
