remaining_budget: -287.95140862464905
used_budget: 83087.95140862465
