remaining_budget: -329.52272295951843
used_budget: 83129.52272295952
